1 2 3 4 5 6 7 8 9 10 11 12 13 14 15 16 17 18 19 20 21 22 23 24 25 26 27 28 29 30 31 32 33 34 35 36 37 38 39 40 41 42 43 44 45 46 47 48 49 50 51 52 53 54 55 56 57 58 59 60 61 62 63 64 65 66 67 68 69 70 71 72 73 74 75 76 77 78 79 80 81 82 83 84 85 86 87 88 89 90 91 92 93 94 95 96 97 98 99 100 
1 3 6 10 15 21 28 36 45 55 66 78 91 105 120 136 153 171 190 210 231 253 276 300 325 351 378 406 435 465 496 528 561 595 630 666 703 741 780 820 861 903 946 990 1035 1081 1128 1176 1225 1275 1326 1378 1431 1485 1540 1596 1653 1711 1770 1830 1891 1953 2016 2080 2145 2211 2278 2346 2415 2485 2556 2628 2701 2775 2850 2926 3003 3081 3160 3240 3321 3403 3486 3570 3655 3741 3828 3916 4005 4095 4186 4278 4371 4465 4560 4656 4753 4851 4950 5050 
1 4 10 20 35 56 84 120 165 220 286 364 455 560 680 816 969 1140 1330 1540 1771 2024 2300 2600 2925 3276 3654 4060 4495 4960 5456 5984 6545 7140 7770 8436 9139 9880 10660 11480 12341 13244 14190 15180 16215 17296 18424 19600 20825 22100 23426 24804 26235 27720 29260 30856 32509 34220 35990 37820 39711 41664 43680 45760 47905 50116 52394 54740 57155 59640 62196 64824 67525 70300 73150 76076 79079 82160 85320 88560 91881 95284 98770 102340 105995 109736 113564 117480 121485 125580 129766 134044 138415 142880 147440 152096 156849 161700 166650 171700 
1 5 15 35 70 126 210 330 495 715 1001 1365 1820 2380 3060 3876 4845 5985 7315 8855 10626 12650 14950 17550 20475 23751 27405 31465 35960 40920 46376 52360 58905 66045 73815 82251 91390 101270 111930 123410 135751 148995 163185 178365 194580 211876 230300 249900 270725 292825 316251 341055 367290 395010 424270 455126 487635 521855 557845 595665 635376 677040 720720 766480 814385 864501 916895 971635 1028790 1088430 1150626 1215450 1282975 1353275 1426425 1502501 1581580 1663740 1749060 1837620 1929501 2024785 2123555 2225895 2331890 2441626 2555190 2672670 2794155 2919735 3049501 3183545 3321960 3464840 3612280 3764376 3921225 4082925 4249575 4421275 
1 6 21 56 126 252 462 792 1287 2002 3003 4368 6188 8568 11628 15504 20349 26334 33649 42504 53130 65780 80730 98280 118755 142506 169911 201376 237336 278256 324632 376992 435897 501942 575757 658008 749398 850668 962598 1086008 1221759 1370754 1533939 1712304 1906884 2118760 2349060 2598960 2869685 3162510 3478761 3819816 4187106 4582116 5006386 5461512 5949147 6471002 7028847 7624512 8259888 8936928 9657648 10424128 11238513 12103014 13019909 13991544 15020334 16108764 17259390 18474840 19757815 21111090 22537515 24040016 25621596 27285336 29034396 30872016 32801517 34826302 36949857 39175752 41507642 43949268 46504458 49177128 51971283 54891018 57940519 61124064 64446024 67910864 71523144 75287520 79208745 83291670 87541245 91962520 
1 7 28 84 210 462 924 1716 3003 5005 8008 12376 18564 27132 38760 54264 74613 100947 134596 177100 230230 296010 376740 475020 593775 736281 906192 1107568 1344904 1623160 1947792 2324784 2760681 3262623 3838380 4496388 5245786 6096454 7059052 8145060 9366819 10737573 12271512 13983816 15890700 18009460 20358520 22957480 25827165 28989675 32468436 36288252 40475358 45057474 50063860 55525372 61474519 67945521 74974368 82598880 90858768 99795696 109453344 119877472 131115985 143218999 156238908 170230452 185250786 201359550 218618940 237093780 256851595 277962685 300500200 324540216 350161812 377447148 406481544 437353560 470155077 504981379 541931236 581106988 622614630 666563898 713068356 762245484 814216767 869107785 927048304 988172368 1052618392 1120529256 1192052400 1267339920 1346548665 1429840335 1517381580 1609344100 
1 8 36 120 330 792 1716 3432 6435 11440 19448 31824 50388 77520 116280 170544 245157 346104 480700 657800 888030 1184040 1560780 2035800 2629575 3365856 4272048 5379616 6724520 8347680 10295472 12620256 15380937 18643560 22481940 26978328 32224114 38320568 45379620 53524680 62891499 73629072 85900584 99884400 115775100 133784560 154143080 177100560 202927725 231917400 264385836 300674088 341149446 386206920 436270780 491796152 553270671 621216192 696190560 778789440 869648208 969443904 1078897248 1198774720 1329890705 1473109704 1629348612 1799579064 1984829850 2186189400 2404808340 2641902120 2898753715 3176716400 3477216600 3801756816 4151918628 4529365776 4935847320 5373200880 5843355957 6348337336 6890268572 7471375560 8093990190 8760554088 9473622444 10235867928 11050084695 11919192480 12846240784 13834413152 14887031544 16007560800 17199613200 18466953120 19813501785 21243342120 22760723700 24370067800 
1 9 45 165 495 1287 3003 6435 12870 24310 43758 75582 125970 203490 319770 490314 735471 1081575 1562275 2220075 3108105 4292145 5852925 7888725 10518300 13884156 18156204 23535820 30260340 38608020 48903492 61523748 76904685 95548245 118030185 145008513 177232627 215553195 260932815 314457495 377348994 450978066 536878650 636763050 752538150 886322710 1040465790 1217566350 1420494075 1652411475 1916797311 2217471399 2558620845 2944827765 3381098545 3872894697 4426165368 5047381560 5743572120 6522361560 7392009768 8361453672 9440350920 10639125640 11969016345 13442126049 15071474661 16871053725 18855883575 21042072975 23446881315 26088783435 28987537150 32164253550 35641470150 39443226966 43595145594 48124511370 53060358690 58433559570 64276915527 70625252863 77515521435 84986896995 93080887185 101841441273 111315063717 121550931645 132601016340 144520208820 157366449604 171200862756 186087894300 202095455100 219295068300 237762021420 257575523205 278818865325 301579589025 325949656825 
1 10 55 220 715 2002 5005 11440 24310 48620 92378 167960 293930 497420 817190 1307504 2042975 3124550 4686825 6906900 10015005 14307150 20160075 28048800 38567100 52451256 70607460 94143280 124403620 163011640 211915132 273438880 350343565 445891810 563921995 708930508 886163135 1101716330 1362649145 1677106640 2054455634 2505433700 3042312350 3679075400 4431613550 5317936260 6358402050 7575968400 8996462475 10648873950 12565671261 14783142660 17341763505 20286591270 23667689815 27540584512 31966749880 37014131440 42757703560 49280065120 56672074888 65033528560 74473879480 85113005120 97082021465 110524147514 125595622175 142466675900 161322559475 182364632450 205811513765 231900297200 260887834350 293052087900 328693558050 368136785016 411731930610 459856441980 512916800670 571350360240 635627275767 706252528630 783768050065 868754947060 961835834245 1063677275518 1174992339235 1296543270880 1429144287220 1573664496040 1731030945644 1902231808400 2088319702700 2290415157800 2509710226100 2747472247520 3005047770725 3283866636050 3585446225075 3911395881900 
1 11 66 286 1001 3003 8008 19448 43758 92378 184756 352716 646646 1144066 1961256 3268760 5311735 8436285 13123110 20030010 30045015 44352165 64512240 92561040 131128140 183579396 254186856 348330136 472733756 635745396 847660528 1121099408 1471442973 1917334783 2481256778 3190187286 4076350421 5178066751 6540715896 8217822536 10272278170 12777711870 15820024220 19499099620 23930713170 29248649430 35607051480 43183019880 52179482355 62828356305 75394027566 90177170226 107518933731 127805525001 151473214816 179013799328 210980549208 247994680648 290752384208 340032449328 396704524216 461738052776 536211932256 621324937376 718406958841 828931106355 954526728530 1096993404430 1258315963905 1440680596355 1646492110120 1878392407320 2139280241670 2432332329570 2761025887620 3129162672636 3540894603246 4000751045226 4513667845896 5085018206136 5720645481903 6426898010533 7210666060598 8079421007658 9041256841903 10104934117421 11279926456656 12576469727536 14005614014756 15579278510796 17310309456440 19212541264840 21300860967540 23591276125340 26100986351440 28848458598960 31853506369685 35137373005735 38722819230810 42634215112710 
1 12 78 364 1365 4368 12376 31824 75582 167960 352716 705432 1352078 2496144 4457400 7726160 13037895 21474180 34597290 54627300 84672315 129024480 193536720 286097760 417225900 600805296 854992152 1203322288 1676056044 2311801440 3159461968 4280561376 5752004349 7669339132 10150595910 13340783196 17417133617 22595200368 29135916264 37353738800 47626016970 60403728840 76223753060 95722852680 119653565850 148902215280 184509266760 227692286640 279871768995 342700125300 418094152866 508271323092 615790256823 743595781824 895068996640 1074082795968 1285063345176 1533058025824 1823810410032 2163842859360 2560547383576 3022285436352 3558497368608 4179822305984 4898229264825 5727160371180 6681687099710 7778680504140 9036996468045 10477677064400 12124169174520 14002561581840 16141841823510 18574174153080 21335200040700 24464362713336 28005257316582 32006008361808 36519676207704 41604694413840 47325339895743 53752237906276 60962903966874 69042324974532 78083581816435 88188515933856 99468442390512 112044912118048 126050526132804 141629804643600 158940114100040 178152655364880 199453516332420 223044792457760 249145778809200 277994237408160 309847743777845 344985116783580 383707936014390 426342151127100 
1 13 91 455 1820 6188 18564 50388 125970 293930 646646 1352078 2704156 5200300 9657700 17383860 30421755 51895935 86493225 141120525 225792840 354817320 548354040 834451800 1251677700 1852482996 2707475148 3910797436 5586853480 7898654920 11058116888 15338678264 21090682613 28760021745 38910617655 52251400851 69668534468 92263734836 121399651100 158753389900 206379406870 266783135710 343006888770 438729741450 558383307300 707285522580 891794789340 1119487075980 1399358844975 1742058970275 2160153123141 2668424446233 3284214703056 4027810484880 4922879481520 5996962277488 7282025622664 8815083648488 10638894058520 12802736917880 15363284301456 18385569737808 21944067106416 26123889412400 31022118677225 36749279048405 43430966148115 51209646652255 60246643120300 70724320184700 82848489359220 96851050941060 112992892764570 131567066917650 152902266958350 177366629671686 205371886988268 237377895350076 273897571557780 315502265971620 362827605867363 416579843773639 477542747740513 546585072715045 624668654531480 712857170465336 812325612855848 924370524973896 1050421051106700 1192050855750300 1350990969850340 1529143625215220 1728597141547640 1951641934005400 2200787712814600 2478781950222760 2788629694000605 3133614810784185 3517322746798575 3943664897925675 
1 14 105 560 2380 8568 27132 77520 203490 497420 1144066 2496144 5200300 10400600 20058300 37442160 67863915 119759850 206253075 347373600 573166440 927983760 1476337800 2310789600 3562467300 5414950296 8122425444 12033222880 17620076360 25518731280 36576848168 51915526432 73006209045 101766230790 140676848445 192928249296 262596783764 354860518600 476260169700 635013559600 841392966470 1108176102180 1451182990950 1889912732400 2448296039700 3155581562280 4047376351620 5166863427600 6566222272575 8308281242850 10468434365991 13136858812224 16421073515280 20448884000160 25371763481680 31368725759168 38650751381832 47465835030320 58104729088840 70907466006720 86270750308176 104656320045984 126600387152400 152724276564800 183746395242025 220495674290430 263926640438545 315136287090800 375382930211100 446107250395800 528955739755020 625806790696080 738799683460650 870366750378300 1023269017336650 1200635647008336 1406007533996604 1643385429346680 1917283000904460 2232785266876080 2595612872743443 3012192716517082 3489735464257595 4036320536972640 4660989191504120 5373846361969456 6186171974825304 7110542499799200 8160963550905900 9353014406656200 10704005376506540 12233149001721760 13961746143269400 15913388077274800 18114175790089400 20592957740312160 23381587434312765 26515202245096950 30032524991895525 33976189889821200 
1 15 120 680 3060 11628 38760 116280 319770 817190 1961256 4457400 9657700 20058300 40116600 77558760 145422675 265182525 471435600 818809200 1391975640 2319959400 3796297200 6107086800 9669554100 15084504396 23206929840 35240152720 52860229080 78378960360 114955808528 166871334960 239877544005 341643774795 482320623240 675248872536 937845656300 1292706174900 1768966344600 2403979904200 3245372870670 4353548972850 5804731963800 7694644696200 10142940735900 13298522298180 17345898649800 22512762077400 29078984349975 37387265592825 47855699958816 60992558771040 77413632286320 97862516286480 123234279768160 154603005527328 193253756909160 240719591939480 298824321028320 369731787035040 456002537343216 560658857389200 687259244541600 839983521106400 1023729916348425 1244225590638855 1508152231077400 1823288518168200 2198671448379300 2644778698775100 3173734438530120 3799541229226200 4538340912686850 5408707663065150 6431976680401800 7632612327410136 9038619861406740 10682005290753420 12599288291657880 14832073558533960 17427686431277403 20439879147794485 23929614612052080 27965935149024720 32626924340528840 38000770702498296 44186942677323600 51297485177122800 59458448728028700 68811463134684900 79515468511191440 91748617512913200 105710363656182600 121623751733457400 139737927523546800 160330885263858960 183712472698171725 210227674943268675 240260199935164200 274236389824985400 
1 16 136 816 3876 15504 54264 170544 490314 1307504 3268760 7726160 17383860 37442160 77558760 155117520 300540195 565722720 1037158320 1855967520 3247943160 5567902560 9364199760 15471286560 25140840660 40225345056 63432274896 98672427616 151532656696 229911617056 344867425584 511738760544 751616304549 1093260079344 1575580702584 2250829575120 3188675231420 4481381406320 6250347750920 8654327655120 11899700525790 16253249498640 22057981462440 29752626158640 39895566894540 53194089192720 70539987842520 93052749919920 122131734269895 159518999862720 207374699821536 268367258592576 345780890878896 443643407165376 566877686933536 721480692460864 914734449370024 1155454041309504 1454278362337824 1824010149372864 2280012686716080 2840671544105280 3527930788646880 4367914309753280 5391644226101705 6635869816740560 8144022047817960 9967310565986160 12165982014365460 14810760713140560 17984495151670680 21784036380896880 26322377293583730 31731084956648880 38163061637050680 45795673964460816 54834293825867556 65516299116620976 78115587408278856 92947660966812816 110375347398090219 130815226545884704 154744841157936784 182710776306961504 215337700647490344 253338471349988640 297525414027312240 348822899204435040 408281347932463740 477092811067148640 556608279578340080 648356897091253280 754067260747435880 875691012480893280 1015428940004440080 1175759825268299040 1359472297966470765 1569699972909739440 1809960172844903640 2084196562669889040 
1 17 153 969 4845 20349 74613 245157 735471 2042975 5311735 13037895 30421755 67863915 145422675 300540195 601080390 1166803110 2203961430 4059928950 7307872110 12875774670 22239974430 37711260990 62852101650 103077446706 166509721602 265182149218 416714805914 646626422970 991493848554 1503232609098 2254848913647 3348108992991 4923689695575 7174519270695 10363194502115 14844575908435 21094923659355 29749251314475 41648951840265 57902201338905 79960182801345 109712808959985 149608375854525 202802465047245 273342452889765 366395202809685 488526937079580 648045936942300 855420636763836 1123787895356412 1469568786235308 1913212193400684 2480089880334220 3201570572795084 4116305022165108 5271759063474612 6726037425812436 8550047575185300 10830060261901380 13670731806006660 17198662594653540 21566576904406820 26958221130508525 33594090947249085 41738112995067045 51705423561053205 63871405575418665 78682166288559225 96666661440229905 118450697821126785 144773075114710515 176504160071359395 214667221708410075 260462895672870891 315297189498738447 380813488615359423 458929076023638279 551876736990451095 662252084388541314 793067310934426018 947812152092362802 1130522928399324306 1345860629046814650 1599199100396803290 1896724514424115530 2245547413628550570 2653828761561014310 3130921572628162950 3687529852206503030 4335886749297756310 5089954010045192190 5965645022526085470 6981073962530525550 8156833787798824590 -8930437987944256261 -7360738015034516821 -5550777842189613181 -3466581279519724141 
1 18 171 1140 5985 26334 100947 346104 1081575 3124550 8436285 21474180 51895935 119759850 265182525 565722720 1166803110 2333606220 4537567650 8597496600 15905368710 28781143380 51021117810 88732378800 151584480450 254661927156 421171648758 686353797976 1103068603890 1749695026860 2741188875414 4244421484512 6499270398159 9847379391150 14771069086725 21945588357420 32308782859535 47153358767970 68248282427325 97997533741800 139646485582065 197548686920970 277508869722315 387221678682300 536830054536825 739632519584070 1012974972473835 1379370175283520 1867897112363100 2515943049305400 3371363686069236 4495151581425648 5964720367660956 7877932561061640 10358022441395860 13559593014190944 17675898036356052 22947657099830664 29673694525643100 38223742100828400 49053802362729780 62724534168736440 79923196763389980 101489773667796800 128447994798305325 162042085745554410 203780198740621455 255485622301674660 319357027877093325 398039194165652550 494705855605882455 613156553427009240 757929628541719755 934433788613079150 1149101010321489225 1409563905994360116 1724861095493098563 2105674584108457986 2564603660132096265 3116480397122547360 3778732481511088674 4571799792445514692 5519611944537877494 6650134872937201800 7995995501984016450 -8851549471328731876 -6954824956904616346 -4709277543276065776 -2055448781715051466 1075472790913111484 4763002643119614514 9098889392417370824 -4257900671246988602 1707744351279096868 8688818313809622418 -1601091972101104608 7915214113664190747 554476098629673926 -4996301743559939255 -8462883023079663396 
1 19 190 1330 7315 33649 134596 480700 1562275 4686825 13123110 34597290 86493225 206253075 471435600 1037158320 2203961430 4537567650 9075135300 17672631900 33578000610 62359143990 113380261800 202112640600 353697121050 608359048206 1029530696964 1715884494940 2818953098830 4568648125690 7309837001104 11554258485616 18053528883775 27900908274925 42671977361650 64617565719070 96926348578605 144079707346575 212327989773900 310325523515700 449972009097765 647520696018735 925029565741050 1312251244423350 1849081298960175 2588713818544245 3601688791018080 4981058966301600 6848956078664700 9364899127970100 12736262814039336 17231414395464984 23196134763125940 31074067324187580 41432089765583440 54991682779774384 72667580816130436 95615237915961100 125288932441604200 163512674542432600 212566476905162380 275291011073898820 355214207837288800 456703981505085600 585151976303390925 747194062048945335 950974260789566790 1206459883091241450 1525816910968334775 1923856105133987325 2418561960739869780 3031718514166879020 3789648142708598775 4724081931321677925 5873182941643167150 7282746847637527266 9007607943130625829 -7333461546470467801 -4768857886338371536 -1652377489215824176 2126354992295264498 6698154784740779190 -6228977344430894932 421157528506306868 8417153030490323318 -434396440838408558 -7389221397743024904 6348245132690460936 4292796350975409470 5368269141888520954 -8315472288701416148 783417103715954676 -3474483567531033926 -1766739216251937058 6922079097557685360 5320987125456580752 -5210542834588780117 -4656066735959106191 8794375594190506170 331492571110842774 
1 20 210 1540 8855 42504 177100 657800 2220075 6906900 20030010 54627300 141120525 347373600 818809200 1855967520 4059928950 8597496600 17672631900 35345263800 68923264410 131282408400 244662670200 446775310800 800472431850 1408831480056 2438362177020 4154246671960 6973199770790 11541847896480 18851684897584 30405943383200 48459472266975 76360380541900 119032357903550 183649923622620 280576272201225 424655979547800 636983969321700 947309492837400 1397281501935165 2044802197953900 2969831763694950 4282083008118300 6131164307078475 8719878125622720 12321566916640800 17302625882942400 24151581961607100 33516481089577200 46252743903616536 63484158299081520 86680293062207460 117754360386395040 159186450151978480 214178132931752864 286845713747883300 382460951663844400 507749884105448600 671262558647881200 883829035553043580 1159120046626942400 1514334254464231200 1971038235969316800 2556190212272707725 3303384274321653060 4254358535111219850 5460818418202461300 6986635329170796075 8910491434304783400 -7117690678664898436 -4085972164498019416 -296324021789420641 4427757909532257284 -8145803222534127182 -863056374896599916 8144551568234025913 811090021763558112 -3957767864574813424 -5610145353790637600 -3483790361495373102 3214364423245406088 -3014612921185488844 -2593455392679181976 5823697637811141342 5389301196972732784 -1999920200770292120 4348324931920168816 8641121282895578286 -4437353648925452376 5693918136082683092 6477335239798637768 3002851672267603842 1236112456015666784 8158191553573352144 -4967565394679618720 8268635844441152779 3612569108482046588 -6039799371036998858 -5708306799926156084 
1 21 231 1771 10626 53130 230230 888030 3108105 10015005 30045015 84672315 225792840 573166440 1391975640 3247943160 7307872110 15905368710 33578000610 68923264410 137846528820 269128937220 513791607420 960566918220 1761039350070 3169870830126 5608233007146 9762479679106 16735679449896 28277527346376 47129212243960 77535155627160 125994627894135 202355008436035 321387366339585 505037289962205 785613562163430 1210269541711230 1847253511032930 2794563003870330 4191844505805495 6236646703759395 9206478467454345 13488561475572645 19619725782651120 28339603908273840 40661170824914640 57963796707857040 82115378669464140 115631859759041340 161884603662657876 225368761961739396 312049055023946856 429803415410341896 588989865562320376 803167998494073240 1090013712241956540 1472474663905800940 1980224548011249540 2651487106659130740 3535316142212174320 4694436188839116720 6208770443303347920 8179808679272664720 -7710745182164179171 -4407360907842526111 -153002372731306261 5307816045471155039 -6152292699067600502 2758198735237182898 -4359491943427715538 -8445464107925734954 -8741788129715155595 -4314030220182898311 5986910630992526123 5123854256095926207 -5178338249379599496 -4367248227616041384 -8325016092190854808 4511582627728059208 1027792266232686106 4242156689478092194 1227543768292603350 -1365911624386578626 4457786013424562716 -8599656863312256116 7847167009627003380 -6251252132162379420 2389869150733198866 -2047484498192253510 3646433637890429582 -8322975196020484266 -5320123523752880424 -4084011067737213640 4074180485836138504 -893384908843480216 7375250935597672563 -7458924029629832465 4948020673042720293 -760286126883435791 
1 22 253 2024 12650 65780 296010 1184040 4292145 14307150 44352165 129024480 354817320 927983760 2319959400 5567902560 12875774670 28781143380 62359143990 131282408400 269128937220 538257874440 1052049481860 2012616400080 3773655750150 6943526580276 12551759587422 22314239266528 39049918716424 67327446062800 114456658306760 191991813933920 317986441828055 520341450264090 841728816603675 1346766106565880 2132379668729310 3342649210440540 5189902721473470 7984465725343800 12176310231149295 18412956934908690 27619435402363035 41107996877935680 60727722660586800 89067326568860640 129728497393775280 187692294101632320 269807672771096460 385439532530137800 547324136192795676 772692898154535072 1084741953178481928 1514545368588823824 2103535234151144200 2906703232645217440 3996716944887173980 5469191608792974920 7449416156804224460 -8345840810246196416 -4810524668034022096 -116088479194905376 6092681964108442544 -4174253430328444352 6561745461216928093 2154384553374401982 2001382180643095721 7309198226114250760 1156905527046650258 3915104262283833156 -444387681143882382 -8889851789069617336 815104154924778685 -3498926065258119626 2487984565734406497 7611838821830332704 2433500572450733208 -1933747655165308176 8187980326353388632 -5747181119628103776 -4719388853395417670 -477232163917325476 750311604375277874 -615600020011300752 3842185993413261964 -4757470869898994152 3089696139728009228 -3161555992434370192 -771686841701171326 -2819171339893424836 827262297997004746 -7495712898023479520 5630907651933191672 1546896584195978032 5621077070032116536 4727692161188636320 -6343800976923242733 4644019067156476418 -8854704333510354905 8831753613315760920 
1 23 276 2300 14950 80730 376740 1560780 5852925 20160075 64512240 193536720 548354040 1476337800 3796297200 9364199760 22239974430 51021117810 113380261800 244662670200 513791607420 1052049481860 2104098963720 4116715363800 7890371113950 14833897694226 27385657281648 49699896548176 88749815264600 156077261327400 270533919634160 462525733568080 780512175396135 1300853625660225 2142582442263900 3489348548829780 5621728217559090 8964377427999630 14154280149473100 22138745874816900 34315056105966195 52728013040874885 80347448443237920 121455445321173600 182183167981760400 271250494550621040 400978991944396320 588671286046028640 858478958817125100 1243918491347262900 1791242627540058576 2563935525694593648 3648677478873075576 5163222847461899400 7266758081613043600 -8273282759451290576 -4276565814564116596 1192625794228858324 8642041951033082784 296201140786886368 -4514323527247135728 -4630412006442041104 1462269957666401440 -2711983472662042912 3849761988554885181 6004146541929287163 8005528722572382884 -3132017125022917972 -1975111597976267714 1939992664307565442 1495604983163683060 -7394246805905934276 -6579142650981155591 8368675357470276399 -7590084150504868720 21754671325463984 2455255243776197192 521507588610889016 8709487914964277648 2962306795336173872 -1757082058059243798 -2234314221976569274 -1484002617601291400 -2099602637612592152 1742583355800669812 -3014887514098324340 74808625629684888 -3086747366804685304 -3858434208505856630 -6677605548399281466 -5850343250402276720 5100687925283795376 -7715148496492564568 -6168251912296586536 -547174842264470000 4180517318924166320 -2163283657999076413 2480735409157400005 -6373968924352954900 2457784688962806020 
1 24 300 2600 17550 98280 475020 2035800 7888725 28048800 92561040 286097760 834451800 2310789600 6107086800 15471286560 37711260990 88732378800 202112640600 446775310800 960566918220 2012616400080 4116715363800 8233430727600 16123801841550 30957699535776 58343356817424 108043253365600 196793068630200 352870329957600 623404249591760 1085929983159840 1866442158555975 3167295784216200 5309878226480100 8799226775309880 14420954992868970 23385332420868600 37539612570341700 59678358445158600 93993414551124795 146721427591999680 227068876035237600 348524321356411200 530707489338171600 801957983888792640 1202936975833188960 1791608261879217600 2650087220696342700 3894005712043605600 5685248339583664176 8249183865278257824 -6548882729558218216 -1385659882096318816 5881098199516724784 -2392184559934565792 -6668750374498682388 -5476124580269824064 3165917370763258720 3462118511550145088 -1052205015696990640 -5682617022139031744 -4220347064472630304 -6932330537134673216 -3082568548579788035 2921577993349499128 -7519637357787669604 7795089590898964040 5819977992922696326 7759970657230261768 -9191168433315606788 1861328834488010552 -4717813816493145039 3650861540977131360 -3939222609527737360 -3917467938202273376 -1462212694426076184 -940705105815187168 7768782809149090480 -7715654469224287264 8974007546426020554 6739693324449451280 5255690706848159880 3156088069235567728 4898671425036237540 1883783910937913200 1958592536567598088 -1128154830237087216 -4986589038742943846 6782549486567326304 932206236165049584 6032894161448844960 -1682254335043719608 -7850506247340306144 -8397681089604776144 -4217163770680609824 -6380447428679686237 -3899712019522286232 8173063129834310484 -7815896254912435112 
1 25 325 2925 20475 118755 593775 2629575 10518300 38567100 131128140 417225900 1251677700 3562467300 9669554100 25140840660 62852101650 151584480450 353697121050 800472431850 1761039350070 3773655750150 7890371113950 16123801841550 32247603683100 63205303218876 121548660036300 229591913401900 426384982032100 779255311989700 1402659561581460 2488589544741300 4355031703297275 7522327487513475 12832205713993575 21631432489303455 36052387482172425 59437719903041025 96977332473382725 156655690918541325 250649105469666120 397370533061665800 624439409096903400 972963730453314600 1503671219791486200 2305629203680278840 3508566179513467800 5300174441392685400 7950261662089028100 -6602476699576917916 -917228359993253740 7331955505285004084 783072775726785868 -602587106369532948 5278511093147191836 2886326533212626044 -3782423841286056344 9188195652153671208 -6092631050792621688 -2630512539242476600 -3682717554939467240 9081409496631052632 4861062432158422328 -2071268104976250888 -5153836653556038923 -2232258660206539795 8694848055715342217 -1956806427095245359 3863171565827450967 -6823601850651838881 2431973789742105947 4293302624230116499 -424511192263028540 3226350348714102820 -712872260813634540 -4630340199015907916 -6092552893441984100 -7033257999257171268 735524809891919212 -6980129659332368052 1993877887093652502 8733571211543103782 -4457482155318287954 -1301394086082720226 3597277338953517314 5481061249891430514 7439653786459028602 6311498956221941386 1324909917478997540 8107459404046323844 9039665640211373428 -3374184272049333228 -5056438607093052836 5539799219276192636 -2857881870328583508 -7075045641009193332 4991251004020672047 1091538984498385815 -9182141959376855317 1448705859420261187 
1 26 351 3276 23751 142506 736281 3365856 13884156 52451256 183579396 600805296 1852482996 5414950296 15084504396 40225345056 103077446706 254661927156 608359048206 1408831480056 3169870830126 6943526580276 14833897694226 30957699535776 63205303218876 126410606437752 247959266474052 477551179875952 903936161908052 1683191473897752 3085851035479212 5574440580220512 9929472283517787 17451799771031262 30284005485024837 51915437974328292 87967825456500717 147405545359541742 244382877832924467 401038568751465792 651687674221131912 1049058207282797712 1673497616379701112 2646461346833015712 4150132566624501912 6455761770304780752 -8482416123891303064 -3182241682498617664 4768019979590410436 -1834456719986507480 -2751685079979761220 4580270425305242864 5363343201032028732 4760756094662495784 -8407476885899863996 -5521150352687237952 9143169879736257320 -115378541819623088 -6208009592612244776 -8838522131854721376 5925504386915363000 -3439830190163135984 1421232241995286344 -650035862980964544 -5803872516537003467 -8036131176743543262 658716878971798955 -1298089548123446404 2565082017704004563 -4258519832947834318 -1826546043205728371 2466756581024388128 2042245388761359588 5268595737475462408 4555723476661827868 -74616722354080048 -6167169615796064148 5246316458656316200 5981841268548235412 -998288390784132640 995589496309519862 -8717583365856927972 5271678552534335690 3970284466451615464 7567561805405132778 -5398121018412988324 2041532768046040278 8353031724267981664 -8768802431962572412 -661343027916248568 8378322612295124860 5004138340245791632 -52300266847261204 5487498952428931432 2629617082100347924 -4445428558908845408 545822445111826639 1637361429610212454 -7544780529766642863 -6096074670346381676 
1 27 378 3654 27405 169911 906192 4272048 18156204 70607460 254186856 854992152 2707475148 8122425444 23206929840 63432274896 166509721602 421171648758 1029530696964 2438362177020 5608233007146 12551759587422 27385657281648 58343356817424 121548660036300 247959266474052 495918532948104 973469712824056 1877405874732108 3560597348629860 6646448384109072 12220888964329584 22150361247847371 39602161018878633 69886166503903470 121801604478231762 209769429934732479 357174975294274221 601557853127198688 1002596421878664480 1654284096099796392 2703342303382594104 4376839919762295216 7023301266595310928 -7273310240489738776 -817548470184958024 9146779479633290528 5964537797134672864 -7714186296984468316 8898101056738575820 6146415976758814600 -7720057671645494152 -2356714470613465420 2404041624049030364 -6003435261850833632 6922158459171480032 -2381415734801814264 -2496794276621437352 -8704803869233682128 903418072621148112 6828922459536511112 3389092269373375128 4810324511368661472 4160288648387696928 -1643583868149306539 8767029028816701815 -9020998165921050846 8127656359665054366 -7754005696340492687 6434218544421224611 4607672501215496240 7074429082239884368 9116674471001243956 -4061473865232845252 494249611428982616 419632889074902568 -5747536726721161580 -501220268064845380 5480621000483390032 4482332609699257392 5477922106008777254 -3239661259848150718 2032017292686184972 6002301759137800436 -4876880509166618402 8171742546129944890 -8233468759533566448 119562964734415216 -8649239467228157196 9136161578565145852 -932259882849280904 4071878457396510728 4019578190549249524 -8939666930731370660 -6310049848631022736 7691265666169683472 8237088111281510111 -8572294532817829051 2329669011125079702 -3766405659221301974 
1 28 406 4060 31465 201376 1107568 5379616 23535820 94143280 348330136 1203322288 3910797436 12033222880 35240152720 98672427616 265182149218 686353797976 1715884494940 4154246671960 9762479679106 22314239266528 49699896548176 108043253365600 229591913401900 477551179875952 973469712824056 1946939425648112 3824345300380220 7384942649010080 14031391033119152 26252279997448736 48402641245296107 88004802264174740 157890968768078210 279692573246309972 489462003181042451 846636978475316672 1448194831602515360 2450791253481179840 4105075349580976232 6808417652963570336 -7261486500983686064 -238185234388375136 -7511495474878113912 -8329043945063071936 817735534570218592 6782273331704891456 -931912965279576860 7966188091458998960 -4334140005491738056 6392546396572319408 4035831925958853988 6439873550007884352 436438288157050720 7358596747328530752 4977181012526716488 2480386735905279136 -6224417133328402992 -5320999060707254880 1507923398829256232 4897015668202631360 -8739403894138258784 -4579115245750561856 -6222699113899868395 2544329914916833420 -6476668251004217426 1650988108660836940 -6103017587679655747 331200956741568864 4938873457957065104 -6433441533512602144 2683232937488641812 -1378240927744203440 -883991316315220824 -464358427240318256 -6211895153961479836 -6713115422026325216 -1232494421542935184 3249838188156322208 8727760294165099462 5488099034316948744 7520116327003133716 -4924325987568617464 8645537576974315750 -1629463950605290976 8583811363570694192 8703374328305109408 54134861076952212 9190296439642098064 8258036556792817160 -6116829059520223728 -2097250868970974204 7409826274007206752 1099776425376184016 8791042091545867488 -1418613870882174017 8455835670009548548 -7661239392574923366 7019099021913326276 
1 29 435 4495 35960 237336 1344904 6724520 30260340 124403620 472733756 1676056044 5586853480 17620076360 52860229080 151532656696 416714805914 1103068603890 2818953098830 6973199770790 16735679449896 39049918716424 88749815264600 196793068630200 426384982032100 903936161908052 1877405874732108 3824345300380220 7648690600760440 15033633249770520 29065024282889672 55317304280338408 103719945525634515 191724747789809255 349615716557887465 629308289804197437 1118770292985239888 1965407271460556560 3413602103063071920 5864393356544251760 -8477275367584323624 -1668857714620753288 -8930344215604439352 -9168529449992814488 1766719148838623216 -6562324796224448720 -5744589261654230128 1037684070050661328 105771104771084468 8071959196230083428 3737819190738345372 -8316378486398886836 -4280546560440032848 2159326989567851504 2595765277724902224 -8492382048656118640 -3515201036129402152 -1034814300224123016 -7259231433552526008 5866513579449770728 7374436978279026960 -6175291427227893296 3532048752343399536 -1047066493407162320 -7269765607307030715 -4725435692390197295 7244640130315136895 8895628238975973835 2792610651296318088 3123811608037886952 8062685065994952056 1629243532482349912 4312476469970991724 2934235542226788284 2050244225911567460 1585885798671249204 -4626009355290230632 7107619296392995768 5875124874850060584 9124963063006382792 -594020716538069362 4894078317778879382 -6032549428927538518 7489868657213395634 -2311337839521840232 -3940801790127131208 4643009573443562984 -5100360171960879224 -5046225310883927012 4144071128758171052 -6044636388158563404 6285278626030764484 4188027757059790280 -6848890042642554584 -5749113617266370568 3041928474279496920 1623314603397322903 -8367593800302680165 2417910880831948085 -9009734170964277255 
1 30 465 4960 40920 278256 1623160 8347680 38608020 163011640 635745396 2311801440 7898654920 25518731280 78378960360 229911617056 646626422970 1749695026860 4568648125690 11541847896480 28277527346376 67327446062800 156077261327400 352870329957600 779255311989700 1683191473897752 3560597348629860 7384942649010080 15033633249770520 30067266499541040 59132290782430712 114449595062769120 218169540588403635 409894288378212890 759510004936100355 1388818294740297792 2507588587725537680 4472995859186094240 7886597962249166160 -4695752754916133696 5273715951209094296 3604858236588341008 -5325485979016098344 3952728644700638784 5719447793539262000 -842877002685186720 -6587466264339416848 -5549782194288755520 -5444011089517671052 2627948106712412376 6365767297450757748 -1950611188948129088 -6231157749388161936 -4071830759820310432 -1476065482095408208 8478296542958024768 4963095506828622616 3928281206604499600 -3330950226948026408 2535563352501744320 -8536743742928780336 3734708903552877984 7266757655896277520 6219691162489115200 -1050074444817915515 -5775510137208112810 1469129993107024085 -8081985841626553696 -5289375190330235608 -2165563582292348656 5897121483702603400 7526365016184953312 -6607902587553606580 -3673667045326818296 -1623422819415250836 -37537020744001632 -4663546376034232264 2444072920358763504 8319197795208824088 -1002583215494344736 -1596603932032414098 3297474385746465284 -2735075043181073234 4754793614032322400 2443455774510482168 -1497346015616649040 3145663557826913944 -1954696614133965280 -7000921925017892292 -2856850796259721240 -8901487184418284644 -2616208558387520160 1571819198672270120 -5277070843970284464 7420559612472896584 -7984255986957158112 -6360941383559835209 3718208889847036242 6136119770678984327 -2873614400285292928 
1 31 496 5456 46376 324632 1947792 10295472 48903492 211915132 847660528 3159461968 11058116888 36576848168 114955808528 344867425584 991493848554 2741188875414 7309837001104 18851684897584 47129212243960 114456658306760 270533919634160 623404249591760 1402659561581460 3085851035479212 6646448384109072 14031391033119152 29065024282889672 59132290782430712 118264581564861424 232714176627630544 450883717216034179 860778005594247069 1620288010530347424 3009106305270645216 5516694892996182896 -8457053321527274480 -570455359278108320 -5266208114194242016 7507837014852280 3612366073603193288 -1713119905412905056 2239608739287733728 7959056532826995728 7116179530141809008 528713265802392160 -5021068928486363360 7981664055705517204 -7837131911291622036 -1471364613840864288 -3421975802788993376 8793610521532396304 4721779761712085872 3245714279616677664 -6722733251134849184 -1759637744306226568 2168643462298273032 -1162306764649753376 1373256587851990944 -7163487155076789392 -3428778251523911408 3837979404372366112 -8389073506848070304 9007596122043565797 3232085984835452987 4701215977942477072 -3380769863684076624 -8670145054014312232 7611035437402890728 -4938587152604057488 2587777863580895824 -4020124723972710756 -7693791769299529052 9129529484994771728 9091992464250770096 4428446088216537832 6872519008575301336 -3255027269925426192 -4257610485419770928 -5854214417452185026 -2556740031705719742 -5291815074886792976 -537021460854470576 1906434313656011592 409088298039362552 3554751855866276496 1600055241732311216 -5400866683285581076 -8257717479545302316 1287539409745964656 -1328669148641555504 243150050030714616 -5033920793939569848 2386638818533326736 -5597617168423831376 6488185521725885031 -8240349662136630343 -2104229891457646016 -4977844291742938944 
